[
{
	"name":"Book",
	"bone":"Pelvis",
	"mat":[[0.45315390825271606, -7.232803689305456e-09, -0.21130912005901337, 73.24213409423828], [0.21130912005901337, -2.3459167053374586e-08, 0.45315390825271606, 423.8158264160156], [-1.6469417829512167e-08, -0.5, -1.820451167588999e-08, 26.82596778869629], [0.0, 0.0, 0.0, 1.0]]
},
{
	"name":"Chest",
	"bone":"Chest",
	"mat":[[1.0, 0.0, 0.0, 0.0], [0.0, -4.371138828673793e-08, 1.0, 473.55999755859375], [0.0, -1.0, -4.371138828673793e-08, 27.15998077392578], [0.0, 0.0, 0.0, 1.0]]
},
{
	"name":"ForearmLeft",
	"bone":"ForearmLeft",
	"mat":[[-0.20974954962730408, 0.24791675806045532, 0.945802628993988, 156.1999969482422], [0.10748083144426346, 0.9673045873641968, -0.22971701622009277, 534.5199584960938], [0.9718296527862549, -0.0534726157784462, 0.22953803837299347, 9.399971008300781], [0.0, 0.0, 0.0, 1.0]]
},
{
	"name":"ForearmRight",
	"bone":"ForearmRight",
	"mat":[[0.20974954962730408, -0.2479168027639389, -0.9458025097846985, -156.1999969482422], [0.10748106986284256, 0.9673045873641968, -0.2297169715166092, 534.5199584960938], [0.9718296527862549, -0.053472839295864105, 0.22953805327415466, 9.399971008300781], [0.0, 0.0, 0.0, 1.0]]
},
{
	"name":"Head",
	"bone":"Head",
	"mat":[[0.9999998807907104, 3.552715796382869e-15, -3.5527119847346064e-15, 0.0], [3.552713467042264e-15, -4.013392072010902e-07, 0.9999998807907104, 611.9599609375], [3.552714525833448e-15, -0.9999998807907104, -4.013392072010902e-07, 18.719972610473633], [0.0, 0.0, 0.0, 1.0]]
},
{
	"name":"LowerLegLeft",
	"bone":"LowerLegLeft",
	"mat":[[0.9887985587120056, -0.014223199337720871, 0.14857681095600128, 64.91999816894531], [0.14860963821411133, 0.1863631159067154, -0.9711765646934509, 218.95999145507812], [0.013875997625291348, -0.9823779463768005, -0.1863892823457718, 25.839984893798828], [0.0, 0.0, 0.0, 1.0]]
},
{
	"name":"LowerLegRight",
	"bone":"LowerLegRight",
	"mat":[[-0.9887984395027161, 0.014224395155906677, -0.14857669174671173, -64.91999816894531], [0.14860974252223969, 0.18636161088943481, -0.9711768627166748, 218.95999145507812], [0.013874582946300507, -0.9823786020278931, -0.18638792634010315, 25.839984893798828], [0.0, 0.0, 0.0, 1.0]]
},
{
	"name":"PauldronLeft",
	"bone":"PauldronLeft",
	"mat":[[-2.8212994607201836e-07, 7.589668484797585e-07, 0.9999997615814209, 33.84000015258789], [-8.289530910587928e-07, 0.9999999403953552, -7.589669621665962e-07, 588.3600463867188], [0.9999998807907104, 8.289533752758871e-07, 2.8212929237270146e-07, 14.479975700378418], [0.0, 0.0, 0.0, 1.0]]
},
{
	"name":"PauldronRight",
	"bone":"PauldronRight",
	"mat":[[1.9470715528768778e-07, 9.099629778575036e-07, -0.9999997615814209, -33.84000015258789], [-6.02060367782542e-07, 0.9999999403953552, 9.099626936404093e-07, 588.3600463867188], [0.9999998807907104, 6.020601972522854e-07, 1.9470769530016696e-07, 14.479975700378418], [0.0, 0.0, 0.0, 1.0]]
},
{
	"name":"Shield",
	"bone":"Shield",
	"mat":[[0.75, 0.0, 0.0, 400.0], [0.0, -3.278353943869661e-08, 0.75, 0.0], [0.0, -0.75, -3.278353943869661e-08, 0.0], [0.0, 0.0, 0.0, 1.0]]
},
{
	"name":"UpperArmLeft",
	"bone":"ArmLeft",
	"mat":[[-0.34196802973747253, -0.017452610656619072, -0.9395495057106018, 60.15999984741211], [-0.9396926164627075, -9.534832656754588e-08, 0.3420201241970062, 558.9999389648438], [0.0059692333452403545, -0.9998477101325989, 0.016400057822465897, 11.999969482421875], [0.0, 0.0, 0.0, 1.0]]
},
{
	"name":"UpperArmRight",
	"bone":"ArmRight",
	"mat":[[0.3419680595397949, 0.017452560365200043, 0.9395495057106018, -60.15999984741211], [-0.9396926164627075, -2.118304109899327e-08, 0.3420201539993286, 558.9999389648438], [0.005969147197902203, -0.9998477101325989, 0.016400035470724106, 11.999969482421875], [0.0, 0.0, 0.0, 1.0]]
},
{
	"name":"UpperLegLeft",
	"bone":"UpperLegLeft",
	"mat":[[0.9743700623512268, -8.380399485474754e-09, -0.22495105862617493, 34.47999954223633], [0.2246427685022354, -0.05233599990606308, 0.9730347394943237, 377.3600158691406], [-0.011773047037422657, -0.9986295104026794, -0.0509946271777153, 17.23997688293457], [0.0, 0.0, 0.0, 1.0]]
},
{
	"name":"UpperLegRight",
	"bone":"UpperLegRight",
	"mat":[[-0.9743700623512268, -0.024128783494234085, 0.22365325689315796, -34.47999954223633], [0.2246427685022354, -0.05233599990606308, 0.9730347394943237, 377.3600158691406], [0.011773026548326015, -0.998337984085083, -0.05641498416662216, 17.23997688293457], [0.0, 0.0, 0.0, 1.0]]
},
{
	"name":"Weapon",
	"bone":"Weapon",
	"mat":[[1.0, 0.0, 0.0, -400.0], [0.0, -4.371138828673793e-08, 1.0, 358.2799987792969], [0.0, -1.0, -4.371138828673793e-08, -1.566091668792069e-05], [0.0, 0.0, 0.0, 1.0]]
},
{
	"name":"WeaponSec",
	"bone":"WeaponSec",
	"mat":[[-1.0, 1.5179342653937056e-06, 0.0, 400.0], [6.635101132803148e-14, 4.371138828673793e-08, 1.0, 358.2799987792969], [1.5179342653937056e-06, 1.0, -4.371138828673793e-08, -1.566091668792069e-05], [0.0, 0.0, 0.0, 1.0]]
}]
